cadenaInteligentePorProporcion

cadena ios
1,39.02,0,2,39.02,0,3,39.02,0,4,39.02,0,5,39.02,0,6,39.02,0,7,39.02,0,8,39.02,0,9,39.02,0,10,39.02,0,11,39.02,0

cadena inteligente de acuerdo a la proporcion de APs
1,9,0,2,0,0,3,0,0,4,0,0,5,0,0,6,12,0,7,1,0,8,0,0,9,0,0,10,0,0,11,12,0


3 individuos con min 800/11= 73ms
1,73,0,2,73,0,3,73,0,4,73,0,5,73,0,6,73,0,7,73,0,8,73,0,9,73,0,10,73,0,11,73,0

3 individuos con min 400/11= 36ms
1,36,0,2,36,0,3,36,0,4,36,0,5,36,0,6,36,0,7,36,0,8,36,0,9,36,0,10,36,0,11,36,0

4 individuos con min 200/100= 19ms
1,19,0,2,19,0,3,19,0,4,19,0,5,19,0,6,19,0,7,19,0,8,19,0,9,19,0,10,19,0,11,19,0


